{
 "cells": [
  {
   "cell_type": "markdown",
   "id": "2c79d519-6d70-469a-bf40-9d07c15ccb63",
   "metadata": {},
   "source": [
    "# Car selling price and odometer\n",
    "--------\r\n",
    "### Analy step\n",
    "1. Generate a scatter plot of odometer vs selling price\n",
    "2. Create selected dataframe that includes only make with over 10,000 data rows to be more accurate analysis.\n",
    "3. check the average selling price of each manufacturer, then compare the following two scatter plot. \n",
    "      - scatter plot between Odometer and Selling price for the top 3 manufacturers in terms of average price\n",
    "      - scatter plot between Odometer and Selling price for the bottom 3 manufacturers\n",
    "# Conclusion\n",
    "1. odometer and selling price are inversely proportional.\n",
    "2. Even if it was expensive when just purchased, after 100,000 miles, the value is about the same level as a less expensive manufacturer.re.\r\n",
    " "
   ]
  },
  {
   "cell_type": "code",
   "execution_count": null,
   "id": "bc50fb16-1dd4-4b3a-84a7-e8d125369b30",
   "metadata": {},
   "outputs": [],
   "source": [
    "# Dependencies and Setup\n",
    "import matplotlib.pyplot as plt\n",
    "import pandas as pd\n",
    "import scipy.stats as st\n",
    "from scipy.stats import linregress\n",
    "import numpy as np\n",
    "\n",
    "str_path_file = \"data/car_prices.csv\"\n",
    "car_prices = pd.read_csv(str_path_file)"
   ]
  },
  {
   "cell_type": "code",
   "execution_count": null,
   "id": "466bc89c-a036-45b1-929e-0e3e5fbcdefd",
   "metadata": {},
   "outputs": [],
   "source": [
    "car_prices"
   ]
  },
  {
   "cell_type": "code",
   "execution_count": null,
   "id": "a9868a38-1ead-4fa8-a116-44db075863a8",
   "metadata": {},
   "outputs": [],
   "source": [
    "car_value_df.info()"
   ]
  },
  {
   "cell_type": "code",
   "execution_count": null,
   "id": "7531fbde-f9aa-44c0-98ab-87eca05420a6",
   "metadata": {},
   "outputs": [],
   "source": [
    "# Create a DataFrame with columns: make, model, condition, odometer, mmr, sellingprice\n",
    "car_value_df=car_prices[[\"make\", \"model\", \"condition\",\"odometer\",\"mmr\", \"sellingprice\"]]\n",
    "\n",
    "car_value_no_null_df=car_value_df.dropna(subset=['make'], inplace=False)\n",
    "\n",
    "car_value_make_df=car_value_no_null_df.groupby(\"make\").count()\n",
    "Car_value_make_data_count=car_value_make_df.sort_values(by=\"model\",ascending=False).head(30)\n",
    "\n",
    "Car_value_make_data_count"
   ]
  },
  {
   "cell_type": "code",
   "execution_count": 56,
   "id": "82ab40db-71da-4cfb-be1f-073cb3311cec",
   "metadata": {},
   "outputs": [
    {
     "data": {
      "text/html": [
       "<div>\n",
       "<style scoped>\n",
       "    .dataframe tbody tr th:only-of-type {\n",
       "        vertical-align: middle;\n",
       "    }\n",
       "\n",
       "    .dataframe tbody tr th {\n",
       "        vertical-align: top;\n",
       "    }\n",
       "\n",
       "    .dataframe thead th {\n",
       "        text-align: right;\n",
       "    }\n",
       "</style>\n",
       "<table border=\"1\" class=\"dataframe\">\n",
       "  <thead>\n",
       "    <tr style=\"text-align: right;\">\n",
       "      <th></th>\n",
       "      <th>make</th>\n",
       "      <th>model</th>\n",
       "      <th>condition</th>\n",
       "      <th>odometer</th>\n",
       "      <th>mmr</th>\n",
       "      <th>sellingprice</th>\n",
       "    </tr>\n",
       "  </thead>\n",
       "  <tbody>\n",
       "    <tr>\n",
       "      <th>0</th>\n",
       "      <td>Kia</td>\n",
       "      <td>Sorento</td>\n",
       "      <td>5.0</td>\n",
       "      <td>16639.0</td>\n",
       "      <td>20500.0</td>\n",
       "      <td>21500.0</td>\n",
       "    </tr>\n",
       "    <tr>\n",
       "      <th>1</th>\n",
       "      <td>Kia</td>\n",
       "      <td>Sorento</td>\n",
       "      <td>5.0</td>\n",
       "      <td>9393.0</td>\n",
       "      <td>20800.0</td>\n",
       "      <td>21500.0</td>\n",
       "    </tr>\n",
       "    <tr>\n",
       "      <th>2</th>\n",
       "      <td>BMW</td>\n",
       "      <td>3 Series</td>\n",
       "      <td>45.0</td>\n",
       "      <td>1331.0</td>\n",
       "      <td>31900.0</td>\n",
       "      <td>30000.0</td>\n",
       "    </tr>\n",
       "    <tr>\n",
       "      <th>3</th>\n",
       "      <td>Volvo</td>\n",
       "      <td>S60</td>\n",
       "      <td>41.0</td>\n",
       "      <td>14282.0</td>\n",
       "      <td>27500.0</td>\n",
       "      <td>27750.0</td>\n",
       "    </tr>\n",
       "    <tr>\n",
       "      <th>4</th>\n",
       "      <td>BMW</td>\n",
       "      <td>6 Series Gran Coupe</td>\n",
       "      <td>43.0</td>\n",
       "      <td>2641.0</td>\n",
       "      <td>66000.0</td>\n",
       "      <td>67000.0</td>\n",
       "    </tr>\n",
       "    <tr>\n",
       "      <th>...</th>\n",
       "      <td>...</td>\n",
       "      <td>...</td>\n",
       "      <td>...</td>\n",
       "      <td>...</td>\n",
       "      <td>...</td>\n",
       "      <td>...</td>\n",
       "    </tr>\n",
       "    <tr>\n",
       "      <th>558832</th>\n",
       "      <td>Kia</td>\n",
       "      <td>K900</td>\n",
       "      <td>45.0</td>\n",
       "      <td>18255.0</td>\n",
       "      <td>35300.0</td>\n",
       "      <td>33000.0</td>\n",
       "    </tr>\n",
       "    <tr>\n",
       "      <th>558833</th>\n",
       "      <td>Ram</td>\n",
       "      <td>2500</td>\n",
       "      <td>5.0</td>\n",
       "      <td>54393.0</td>\n",
       "      <td>30200.0</td>\n",
       "      <td>30800.0</td>\n",
       "    </tr>\n",
       "    <tr>\n",
       "      <th>558834</th>\n",
       "      <td>BMW</td>\n",
       "      <td>X5</td>\n",
       "      <td>48.0</td>\n",
       "      <td>50561.0</td>\n",
       "      <td>29800.0</td>\n",
       "      <td>34000.0</td>\n",
       "    </tr>\n",
       "    <tr>\n",
       "      <th>558835</th>\n",
       "      <td>Nissan</td>\n",
       "      <td>Altima</td>\n",
       "      <td>38.0</td>\n",
       "      <td>16658.0</td>\n",
       "      <td>15100.0</td>\n",
       "      <td>11100.0</td>\n",
       "    </tr>\n",
       "    <tr>\n",
       "      <th>558836</th>\n",
       "      <td>Ford</td>\n",
       "      <td>F-150</td>\n",
       "      <td>34.0</td>\n",
       "      <td>15008.0</td>\n",
       "      <td>29600.0</td>\n",
       "      <td>26700.0</td>\n",
       "    </tr>\n",
       "  </tbody>\n",
       "</table>\n",
       "<p>548536 rows × 6 columns</p>\n",
       "</div>"
      ],
      "text/plain": [
       "          make                model  condition  odometer      mmr  \\\n",
       "0          Kia              Sorento        5.0   16639.0  20500.0   \n",
       "1          Kia              Sorento        5.0    9393.0  20800.0   \n",
       "2          BMW             3 Series       45.0    1331.0  31900.0   \n",
       "3        Volvo                  S60       41.0   14282.0  27500.0   \n",
       "4          BMW  6 Series Gran Coupe       43.0    2641.0  66000.0   \n",
       "...        ...                  ...        ...       ...      ...   \n",
       "558832     Kia                 K900       45.0   18255.0  35300.0   \n",
       "558833     Ram                 2500        5.0   54393.0  30200.0   \n",
       "558834     BMW                   X5       48.0   50561.0  29800.0   \n",
       "558835  Nissan               Altima       38.0   16658.0  15100.0   \n",
       "558836    Ford                F-150       34.0   15008.0  29600.0   \n",
       "\n",
       "        sellingprice  \n",
       "0            21500.0  \n",
       "1            21500.0  \n",
       "2            30000.0  \n",
       "3            27750.0  \n",
       "4            67000.0  \n",
       "...              ...  \n",
       "558832       33000.0  \n",
       "558833       30800.0  \n",
       "558834       34000.0  \n",
       "558835       11100.0  \n",
       "558836       26700.0  \n",
       "\n",
       "[548536 rows x 6 columns]"
      ]
     },
     "execution_count": 56,
     "metadata": {},
     "output_type": "execute_result"
    }
   ],
   "source": [
    "car_value_no_null_df.fillna(0)"
   ]
  },
  {
   "cell_type": "code",
   "execution_count": 81,
   "id": "67922a09-4bf2-4e10-8c84-783025a9075f",
   "metadata": {},
   "outputs": [
    {
     "data": {
      "text/html": [
       "<div>\n",
       "<style scoped>\n",
       "    .dataframe tbody tr th:only-of-type {\n",
       "        vertical-align: middle;\n",
       "    }\n",
       "\n",
       "    .dataframe tbody tr th {\n",
       "        vertical-align: top;\n",
       "    }\n",
       "\n",
       "    .dataframe thead th {\n",
       "        text-align: right;\n",
       "    }\n",
       "</style>\n",
       "<table border=\"1\" class=\"dataframe\">\n",
       "  <thead>\n",
       "    <tr style=\"text-align: right;\">\n",
       "      <th></th>\n",
       "      <th>condition</th>\n",
       "      <th>odometer</th>\n",
       "      <th>mmr</th>\n",
       "      <th>sellingprice</th>\n",
       "    </tr>\n",
       "    <tr>\n",
       "      <th>make</th>\n",
       "      <th></th>\n",
       "      <th></th>\n",
       "      <th></th>\n",
       "      <th></th>\n",
       "    </tr>\n",
       "  </thead>\n",
       "  <tbody>\n",
       "    <tr>\n",
       "      <th>Geo</th>\n",
       "      <td>5.894737</td>\n",
       "      <td>177356.736842</td>\n",
       "      <td>609.210526</td>\n",
       "      <td>528.947368</td>\n",
       "    </tr>\n",
       "    <tr>\n",
       "      <th>Isuzu</th>\n",
       "      <td>18.260638</td>\n",
       "      <td>140132.225490</td>\n",
       "      <td>1750.857843</td>\n",
       "      <td>1709.196078</td>\n",
       "    </tr>\n",
       "    <tr>\n",
       "      <th>Oldsmobile</th>\n",
       "      <td>16.282282</td>\n",
       "      <td>139822.480769</td>\n",
       "      <td>1095.054945</td>\n",
       "      <td>954.189560</td>\n",
       "    </tr>\n",
       "    <tr>\n",
       "      <th>Pontiac</th>\n",
       "      <td>23.224499</td>\n",
       "      <td>117825.348987</td>\n",
       "      <td>3952.407160</td>\n",
       "      <td>3755.342673</td>\n",
       "    </tr>\n",
       "    <tr>\n",
       "      <th>Mercury</th>\n",
       "      <td>24.277573</td>\n",
       "      <td>113475.936181</td>\n",
       "      <td>4103.313253</td>\n",
       "      <td>3935.567269</td>\n",
       "    </tr>\n",
       "    <tr>\n",
       "      <th>HUMMER</th>\n",
       "      <td>32.351145</td>\n",
       "      <td>103136.089441</td>\n",
       "      <td>15016.863354</td>\n",
       "      <td>15269.488199</td>\n",
       "    </tr>\n",
       "    <tr>\n",
       "      <th>Acura</th>\n",
       "      <td>29.855151</td>\n",
       "      <td>85829.219285</td>\n",
       "      <td>14076.813252</td>\n",
       "      <td>14017.268260</td>\n",
       "    </tr>\n",
       "    <tr>\n",
       "      <th>GMC</th>\n",
       "      <td>31.340502</td>\n",
       "      <td>84536.825464</td>\n",
       "      <td>17055.745312</td>\n",
       "      <td>16951.410534</td>\n",
       "    </tr>\n",
       "    <tr>\n",
       "      <th>Cadillac</th>\n",
       "      <td>29.461188</td>\n",
       "      <td>83391.753292</td>\n",
       "      <td>15339.745977</td>\n",
       "      <td>15221.155872</td>\n",
       "    </tr>\n",
       "    <tr>\n",
       "      <th>Plymouth</th>\n",
       "      <td>27.687500</td>\n",
       "      <td>80449.800000</td>\n",
       "      <td>11170.000000</td>\n",
       "      <td>9592.500000</td>\n",
       "    </tr>\n",
       "    <tr>\n",
       "      <th>Honda</th>\n",
       "      <td>29.298916</td>\n",
       "      <td>80331.697279</td>\n",
       "      <td>11001.945343</td>\n",
       "      <td>10940.432588</td>\n",
       "    </tr>\n",
       "    <tr>\n",
       "      <th>Buick</th>\n",
       "      <td>27.772396</td>\n",
       "      <td>79002.161569</td>\n",
       "      <td>10909.433131</td>\n",
       "      <td>10721.764245</td>\n",
       "    </tr>\n",
       "    <tr>\n",
       "      <th>Daewoo</th>\n",
       "      <td>18.000000</td>\n",
       "      <td>78270.666667</td>\n",
       "      <td>633.333333</td>\n",
       "      <td>400.000000</td>\n",
       "    </tr>\n",
       "    <tr>\n",
       "      <th>Chevrolet</th>\n",
       "      <td>27.717955</td>\n",
       "      <td>76896.387817</td>\n",
       "      <td>12150.630430</td>\n",
       "      <td>11977.397528</td>\n",
       "    </tr>\n",
       "    <tr>\n",
       "      <th>Mitsubishi</th>\n",
       "      <td>28.606948</td>\n",
       "      <td>75600.746377</td>\n",
       "      <td>8317.608696</td>\n",
       "      <td>8201.565942</td>\n",
       "    </tr>\n",
       "    <tr>\n",
       "      <th>Dodge</th>\n",
       "      <td>26.985290</td>\n",
       "      <td>72498.271884</td>\n",
       "      <td>11417.359483</td>\n",
       "      <td>11206.802592</td>\n",
       "    </tr>\n",
       "    <tr>\n",
       "      <th>Jeep</th>\n",
       "      <td>29.653879</td>\n",
       "      <td>69804.496845</td>\n",
       "      <td>15118.042545</td>\n",
       "      <td>15000.244145</td>\n",
       "    </tr>\n",
       "    <tr>\n",
       "      <th>Lexus</th>\n",
       "      <td>32.636395</td>\n",
       "      <td>69228.991906</td>\n",
       "      <td>20370.588483</td>\n",
       "      <td>20286.236827</td>\n",
       "    </tr>\n",
       "    <tr>\n",
       "      <th>Jaguar</th>\n",
       "      <td>29.704430</td>\n",
       "      <td>68766.014789</td>\n",
       "      <td>20135.757042</td>\n",
       "      <td>19782.518310</td>\n",
       "    </tr>\n",
       "    <tr>\n",
       "      <th>Audi</th>\n",
       "      <td>31.551796</td>\n",
       "      <td>66039.752386</td>\n",
       "      <td>20080.213835</td>\n",
       "      <td>19915.432782</td>\n",
       "    </tr>\n",
       "    <tr>\n",
       "      <th>Chrysler</th>\n",
       "      <td>25.545116</td>\n",
       "      <td>65528.274343</td>\n",
       "      <td>11415.909749</td>\n",
       "      <td>11167.249392</td>\n",
       "    </tr>\n",
       "    <tr>\n",
       "      <th>Mazda</th>\n",
       "      <td>30.150740</td>\n",
       "      <td>65365.987681</td>\n",
       "      <td>10278.477039</td>\n",
       "      <td>10155.641234</td>\n",
       "    </tr>\n",
       "    <tr>\n",
       "      <th>BMW</th>\n",
       "      <td>33.339915</td>\n",
       "      <td>64297.520660</td>\n",
       "      <td>21575.547806</td>\n",
       "      <td>21441.895748</td>\n",
       "    </tr>\n",
       "    <tr>\n",
       "      <th>Ford</th>\n",
       "      <td>33.168485</td>\n",
       "      <td>63507.202269</td>\n",
       "      <td>14733.775240</td>\n",
       "      <td>14540.469648</td>\n",
       "    </tr>\n",
       "    <tr>\n",
       "      <th>Lincoln</th>\n",
       "      <td>32.779610</td>\n",
       "      <td>62516.315095</td>\n",
       "      <td>17041.818656</td>\n",
       "      <td>16824.676915</td>\n",
       "    </tr>\n",
       "    <tr>\n",
       "      <th>Mercedes-Benz</th>\n",
       "      <td>32.340660</td>\n",
       "      <td>62415.016746</td>\n",
       "      <td>21940.217899</td>\n",
       "      <td>21590.566828</td>\n",
       "    </tr>\n",
       "    <tr>\n",
       "      <th>Land Rover</th>\n",
       "      <td>34.915105</td>\n",
       "      <td>58310.501441</td>\n",
       "      <td>33420.288184</td>\n",
       "      <td>33097.855908</td>\n",
       "    </tr>\n",
       "    <tr>\n",
       "      <th>Nissan</th>\n",
       "      <td>31.997309</td>\n",
       "      <td>56219.019761</td>\n",
       "      <td>11867.478126</td>\n",
       "      <td>11739.015960</td>\n",
       "    </tr>\n",
       "    <tr>\n",
       "      <th>Hyundai</th>\n",
       "      <td>32.139360</td>\n",
       "      <td>51174.776861</td>\n",
       "      <td>11232.340333</td>\n",
       "      <td>11010.631608</td>\n",
       "    </tr>\n",
       "    <tr>\n",
       "      <th>MINI</th>\n",
       "      <td>34.787650</td>\n",
       "      <td>48127.116625</td>\n",
       "      <td>12412.313896</td>\n",
       "      <td>12313.663151</td>\n",
       "    </tr>\n",
       "    <tr>\n",
       "      <th>Kia</th>\n",
       "      <td>33.665958</td>\n",
       "      <td>46014.077289</td>\n",
       "      <td>11946.834025</td>\n",
       "      <td>11808.672918</td>\n",
       "    </tr>\n",
       "    <tr>\n",
       "      <th>Infiniti</th>\n",
       "      <td>35.226299</td>\n",
       "      <td>45859.775600</td>\n",
       "      <td>20505.099641</td>\n",
       "      <td>20417.457694</td>\n",
       "    </tr>\n",
       "    <tr>\n",
       "      <th>Bentley</th>\n",
       "      <td>34.252174</td>\n",
       "      <td>39239.698276</td>\n",
       "      <td>75928.448276</td>\n",
       "      <td>74367.672414</td>\n",
       "    </tr>\n",
       "    <tr>\n",
       "      <th>Maserati</th>\n",
       "      <td>32.557252</td>\n",
       "      <td>29630.736842</td>\n",
       "      <td>46061.654135</td>\n",
       "      <td>45320.300752</td>\n",
       "    </tr>\n",
       "    <tr>\n",
       "      <th>Aston Martin</th>\n",
       "      <td>35.920000</td>\n",
       "      <td>26603.640000</td>\n",
       "      <td>53560.000000</td>\n",
       "      <td>54812.000000</td>\n",
       "    </tr>\n",
       "    <tr>\n",
       "      <th>FIAT</th>\n",
       "      <td>25.362894</td>\n",
       "      <td>25357.864740</td>\n",
       "      <td>10535.838150</td>\n",
       "      <td>10367.487861</td>\n",
       "    </tr>\n",
       "    <tr>\n",
       "      <th>Fisker</th>\n",
       "      <td>35.111111</td>\n",
       "      <td>18165.666667</td>\n",
       "      <td>49100.000000</td>\n",
       "      <td>46461.111111</td>\n",
       "    </tr>\n",
       "    <tr>\n",
       "      <th>Lotus</th>\n",
       "      <td>27.000000</td>\n",
       "      <td>16932.000000</td>\n",
       "      <td>40300.000000</td>\n",
       "      <td>40800.000000</td>\n",
       "    </tr>\n",
       "    <tr>\n",
       "      <th>Lamborghini</th>\n",
       "      <td>43.750000</td>\n",
       "      <td>16759.500000</td>\n",
       "      <td>111500.000000</td>\n",
       "      <td>112625.000000</td>\n",
       "    </tr>\n",
       "    <tr>\n",
       "      <th>Ferrari</th>\n",
       "      <td>37.578947</td>\n",
       "      <td>15218.789474</td>\n",
       "      <td>129210.526316</td>\n",
       "      <td>127210.526316</td>\n",
       "    </tr>\n",
       "  </tbody>\n",
       "</table>\n",
       "</div>"
      ],
      "text/plain": [
       "               condition       odometer            mmr   sellingprice\n",
       "make                                                                 \n",
       "Geo             5.894737  177356.736842     609.210526     528.947368\n",
       "Isuzu          18.260638  140132.225490    1750.857843    1709.196078\n",
       "Oldsmobile     16.282282  139822.480769    1095.054945     954.189560\n",
       "Pontiac        23.224499  117825.348987    3952.407160    3755.342673\n",
       "Mercury        24.277573  113475.936181    4103.313253    3935.567269\n",
       "HUMMER         32.351145  103136.089441   15016.863354   15269.488199\n",
       "Acura          29.855151   85829.219285   14076.813252   14017.268260\n",
       "GMC            31.340502   84536.825464   17055.745312   16951.410534\n",
       "Cadillac       29.461188   83391.753292   15339.745977   15221.155872\n",
       "Plymouth       27.687500   80449.800000   11170.000000    9592.500000\n",
       "Honda          29.298916   80331.697279   11001.945343   10940.432588\n",
       "Buick          27.772396   79002.161569   10909.433131   10721.764245\n",
       "Daewoo         18.000000   78270.666667     633.333333     400.000000\n",
       "Chevrolet      27.717955   76896.387817   12150.630430   11977.397528\n",
       "Mitsubishi     28.606948   75600.746377    8317.608696    8201.565942\n",
       "Dodge          26.985290   72498.271884   11417.359483   11206.802592\n",
       "Jeep           29.653879   69804.496845   15118.042545   15000.244145\n",
       "Lexus          32.636395   69228.991906   20370.588483   20286.236827\n",
       "Jaguar         29.704430   68766.014789   20135.757042   19782.518310\n",
       "Audi           31.551796   66039.752386   20080.213835   19915.432782\n",
       "Chrysler       25.545116   65528.274343   11415.909749   11167.249392\n",
       "Mazda          30.150740   65365.987681   10278.477039   10155.641234\n",
       "BMW            33.339915   64297.520660   21575.547806   21441.895748\n",
       "Ford           33.168485   63507.202269   14733.775240   14540.469648\n",
       "Lincoln        32.779610   62516.315095   17041.818656   16824.676915\n",
       "Mercedes-Benz  32.340660   62415.016746   21940.217899   21590.566828\n",
       "Land Rover     34.915105   58310.501441   33420.288184   33097.855908\n",
       "Nissan         31.997309   56219.019761   11867.478126   11739.015960\n",
       "Hyundai        32.139360   51174.776861   11232.340333   11010.631608\n",
       "MINI           34.787650   48127.116625   12412.313896   12313.663151\n",
       "Kia            33.665958   46014.077289   11946.834025   11808.672918\n",
       "Infiniti       35.226299   45859.775600   20505.099641   20417.457694\n",
       "Bentley        34.252174   39239.698276   75928.448276   74367.672414\n",
       "Maserati       32.557252   29630.736842   46061.654135   45320.300752\n",
       "Aston Martin   35.920000   26603.640000   53560.000000   54812.000000\n",
       "FIAT           25.362894   25357.864740   10535.838150   10367.487861\n",
       "Fisker         35.111111   18165.666667   49100.000000   46461.111111\n",
       "Lotus          27.000000   16932.000000   40300.000000   40800.000000\n",
       "Lamborghini    43.750000   16759.500000  111500.000000  112625.000000\n",
       "Ferrari        37.578947   15218.789474  129210.526316  127210.526316"
      ]
     },
     "execution_count": 81,
     "metadata": {},
     "output_type": "execute_result"
    }
   ],
   "source": [
    "car_value_no_null_df\n",
    "\n",
    "car_value_make_df = car_value_no_null_df.groupby(\"make\").mean(numeric_only=True)\n",
    "\n",
    "car_value_make_df.head(40).sort_values(by=\"odometer\",ascending=False)"
   ]
  },
  {
   "cell_type": "code",
   "execution_count": 138,
   "id": "65a0f2ab-b32b-4ff0-ac74-06aa395b7398",
   "metadata": {},
   "outputs": [
    {
     "data": {
      "text/html": [
       "<div>\n",
       "<style scoped>\n",
       "    .dataframe tbody tr th:only-of-type {\n",
       "        vertical-align: middle;\n",
       "    }\n",
       "\n",
       "    .dataframe tbody tr th {\n",
       "        vertical-align: top;\n",
       "    }\n",
       "\n",
       "    .dataframe thead th {\n",
       "        text-align: right;\n",
       "    }\n",
       "</style>\n",
       "<table border=\"1\" class=\"dataframe\">\n",
       "  <thead>\n",
       "    <tr style=\"text-align: right;\">\n",
       "      <th></th>\n",
       "      <th>condition</th>\n",
       "      <th>odometer</th>\n",
       "      <th>mmr</th>\n",
       "      <th>sellingprice</th>\n",
       "    </tr>\n",
       "    <tr>\n",
       "      <th>make</th>\n",
       "      <th></th>\n",
       "      <th></th>\n",
       "      <th></th>\n",
       "      <th></th>\n",
       "    </tr>\n",
       "  </thead>\n",
       "  <tbody>\n",
       "    <tr>\n",
       "      <th>Daewoo</th>\n",
       "      <td>18.000000</td>\n",
       "      <td>78270.666667</td>\n",
       "      <td>633.333333</td>\n",
       "      <td>400.000000</td>\n",
       "    </tr>\n",
       "    <tr>\n",
       "      <th>Geo</th>\n",
       "      <td>5.894737</td>\n",
       "      <td>177356.736842</td>\n",
       "      <td>609.210526</td>\n",
       "      <td>528.947368</td>\n",
       "    </tr>\n",
       "    <tr>\n",
       "      <th>Oldsmobile</th>\n",
       "      <td>16.282282</td>\n",
       "      <td>139822.480769</td>\n",
       "      <td>1095.054945</td>\n",
       "      <td>954.189560</td>\n",
       "    </tr>\n",
       "    <tr>\n",
       "      <th>Isuzu</th>\n",
       "      <td>18.260638</td>\n",
       "      <td>140132.225490</td>\n",
       "      <td>1750.857843</td>\n",
       "      <td>1709.196078</td>\n",
       "    </tr>\n",
       "    <tr>\n",
       "      <th>Pontiac</th>\n",
       "      <td>23.224499</td>\n",
       "      <td>117825.348987</td>\n",
       "      <td>3952.407160</td>\n",
       "      <td>3755.342673</td>\n",
       "    </tr>\n",
       "    <tr>\n",
       "      <th>Mercury</th>\n",
       "      <td>24.277573</td>\n",
       "      <td>113475.936181</td>\n",
       "      <td>4103.313253</td>\n",
       "      <td>3935.567269</td>\n",
       "    </tr>\n",
       "    <tr>\n",
       "      <th>Mitsubishi</th>\n",
       "      <td>28.606948</td>\n",
       "      <td>75600.746377</td>\n",
       "      <td>8317.608696</td>\n",
       "      <td>8201.565942</td>\n",
       "    </tr>\n",
       "    <tr>\n",
       "      <th>Plymouth</th>\n",
       "      <td>27.687500</td>\n",
       "      <td>80449.800000</td>\n",
       "      <td>11170.000000</td>\n",
       "      <td>9592.500000</td>\n",
       "    </tr>\n",
       "    <tr>\n",
       "      <th>Mazda</th>\n",
       "      <td>30.150740</td>\n",
       "      <td>65365.987681</td>\n",
       "      <td>10278.477039</td>\n",
       "      <td>10155.641234</td>\n",
       "    </tr>\n",
       "    <tr>\n",
       "      <th>FIAT</th>\n",
       "      <td>25.362894</td>\n",
       "      <td>25357.864740</td>\n",
       "      <td>10535.838150</td>\n",
       "      <td>10367.487861</td>\n",
       "    </tr>\n",
       "    <tr>\n",
       "      <th>Buick</th>\n",
       "      <td>27.772396</td>\n",
       "      <td>79002.161569</td>\n",
       "      <td>10909.433131</td>\n",
       "      <td>10721.764245</td>\n",
       "    </tr>\n",
       "    <tr>\n",
       "      <th>Honda</th>\n",
       "      <td>29.298916</td>\n",
       "      <td>80331.697279</td>\n",
       "      <td>11001.945343</td>\n",
       "      <td>10940.432588</td>\n",
       "    </tr>\n",
       "    <tr>\n",
       "      <th>Hyundai</th>\n",
       "      <td>32.139360</td>\n",
       "      <td>51174.776861</td>\n",
       "      <td>11232.340333</td>\n",
       "      <td>11010.631608</td>\n",
       "    </tr>\n",
       "    <tr>\n",
       "      <th>Chrysler</th>\n",
       "      <td>25.545116</td>\n",
       "      <td>65528.274343</td>\n",
       "      <td>11415.909749</td>\n",
       "      <td>11167.249392</td>\n",
       "    </tr>\n",
       "    <tr>\n",
       "      <th>Dodge</th>\n",
       "      <td>26.985290</td>\n",
       "      <td>72498.271884</td>\n",
       "      <td>11417.359483</td>\n",
       "      <td>11206.802592</td>\n",
       "    </tr>\n",
       "    <tr>\n",
       "      <th>Nissan</th>\n",
       "      <td>31.997309</td>\n",
       "      <td>56219.019761</td>\n",
       "      <td>11867.478126</td>\n",
       "      <td>11739.015960</td>\n",
       "    </tr>\n",
       "    <tr>\n",
       "      <th>Kia</th>\n",
       "      <td>33.665958</td>\n",
       "      <td>46014.077289</td>\n",
       "      <td>11946.834025</td>\n",
       "      <td>11808.672918</td>\n",
       "    </tr>\n",
       "    <tr>\n",
       "      <th>Chevrolet</th>\n",
       "      <td>27.717955</td>\n",
       "      <td>76896.387817</td>\n",
       "      <td>12150.630430</td>\n",
       "      <td>11977.397528</td>\n",
       "    </tr>\n",
       "    <tr>\n",
       "      <th>MINI</th>\n",
       "      <td>34.787650</td>\n",
       "      <td>48127.116625</td>\n",
       "      <td>12412.313896</td>\n",
       "      <td>12313.663151</td>\n",
       "    </tr>\n",
       "    <tr>\n",
       "      <th>Acura</th>\n",
       "      <td>29.855151</td>\n",
       "      <td>85829.219285</td>\n",
       "      <td>14076.813252</td>\n",
       "      <td>14017.268260</td>\n",
       "    </tr>\n",
       "    <tr>\n",
       "      <th>Ford</th>\n",
       "      <td>33.168485</td>\n",
       "      <td>63507.202269</td>\n",
       "      <td>14733.775240</td>\n",
       "      <td>14540.469648</td>\n",
       "    </tr>\n",
       "    <tr>\n",
       "      <th>Jeep</th>\n",
       "      <td>29.653879</td>\n",
       "      <td>69804.496845</td>\n",
       "      <td>15118.042545</td>\n",
       "      <td>15000.244145</td>\n",
       "    </tr>\n",
       "    <tr>\n",
       "      <th>Cadillac</th>\n",
       "      <td>29.461188</td>\n",
       "      <td>83391.753292</td>\n",
       "      <td>15339.745977</td>\n",
       "      <td>15221.155872</td>\n",
       "    </tr>\n",
       "    <tr>\n",
       "      <th>HUMMER</th>\n",
       "      <td>32.351145</td>\n",
       "      <td>103136.089441</td>\n",
       "      <td>15016.863354</td>\n",
       "      <td>15269.488199</td>\n",
       "    </tr>\n",
       "    <tr>\n",
       "      <th>Lincoln</th>\n",
       "      <td>32.779610</td>\n",
       "      <td>62516.315095</td>\n",
       "      <td>17041.818656</td>\n",
       "      <td>16824.676915</td>\n",
       "    </tr>\n",
       "    <tr>\n",
       "      <th>GMC</th>\n",
       "      <td>31.340502</td>\n",
       "      <td>84536.825464</td>\n",
       "      <td>17055.745312</td>\n",
       "      <td>16951.410534</td>\n",
       "    </tr>\n",
       "    <tr>\n",
       "      <th>Jaguar</th>\n",
       "      <td>29.704430</td>\n",
       "      <td>68766.014789</td>\n",
       "      <td>20135.757042</td>\n",
       "      <td>19782.518310</td>\n",
       "    </tr>\n",
       "    <tr>\n",
       "      <th>Audi</th>\n",
       "      <td>31.551796</td>\n",
       "      <td>66039.752386</td>\n",
       "      <td>20080.213835</td>\n",
       "      <td>19915.432782</td>\n",
       "    </tr>\n",
       "    <tr>\n",
       "      <th>Lexus</th>\n",
       "      <td>32.636395</td>\n",
       "      <td>69228.991906</td>\n",
       "      <td>20370.588483</td>\n",
       "      <td>20286.236827</td>\n",
       "    </tr>\n",
       "    <tr>\n",
       "      <th>Infiniti</th>\n",
       "      <td>35.226299</td>\n",
       "      <td>45859.775600</td>\n",
       "      <td>20505.099641</td>\n",
       "      <td>20417.457694</td>\n",
       "    </tr>\n",
       "    <tr>\n",
       "      <th>BMW</th>\n",
       "      <td>33.339915</td>\n",
       "      <td>64297.520660</td>\n",
       "      <td>21575.547806</td>\n",
       "      <td>21441.895748</td>\n",
       "    </tr>\n",
       "    <tr>\n",
       "      <th>Mercedes-Benz</th>\n",
       "      <td>32.340660</td>\n",
       "      <td>62415.016746</td>\n",
       "      <td>21940.217899</td>\n",
       "      <td>21590.566828</td>\n",
       "    </tr>\n",
       "    <tr>\n",
       "      <th>Land Rover</th>\n",
       "      <td>34.915105</td>\n",
       "      <td>58310.501441</td>\n",
       "      <td>33420.288184</td>\n",
       "      <td>33097.855908</td>\n",
       "    </tr>\n",
       "    <tr>\n",
       "      <th>Lotus</th>\n",
       "      <td>27.000000</td>\n",
       "      <td>16932.000000</td>\n",
       "      <td>40300.000000</td>\n",
       "      <td>40800.000000</td>\n",
       "    </tr>\n",
       "    <tr>\n",
       "      <th>Maserati</th>\n",
       "      <td>32.557252</td>\n",
       "      <td>29630.736842</td>\n",
       "      <td>46061.654135</td>\n",
       "      <td>45320.300752</td>\n",
       "    </tr>\n",
       "    <tr>\n",
       "      <th>Fisker</th>\n",
       "      <td>35.111111</td>\n",
       "      <td>18165.666667</td>\n",
       "      <td>49100.000000</td>\n",
       "      <td>46461.111111</td>\n",
       "    </tr>\n",
       "    <tr>\n",
       "      <th>Aston Martin</th>\n",
       "      <td>35.920000</td>\n",
       "      <td>26603.640000</td>\n",
       "      <td>53560.000000</td>\n",
       "      <td>54812.000000</td>\n",
       "    </tr>\n",
       "    <tr>\n",
       "      <th>Bentley</th>\n",
       "      <td>34.252174</td>\n",
       "      <td>39239.698276</td>\n",
       "      <td>75928.448276</td>\n",
       "      <td>74367.672414</td>\n",
       "    </tr>\n",
       "    <tr>\n",
       "      <th>Lamborghini</th>\n",
       "      <td>43.750000</td>\n",
       "      <td>16759.500000</td>\n",
       "      <td>111500.000000</td>\n",
       "      <td>112625.000000</td>\n",
       "    </tr>\n",
       "    <tr>\n",
       "      <th>Ferrari</th>\n",
       "      <td>37.578947</td>\n",
       "      <td>15218.789474</td>\n",
       "      <td>129210.526316</td>\n",
       "      <td>127210.526316</td>\n",
       "    </tr>\n",
       "  </tbody>\n",
       "</table>\n",
       "</div>"
      ],
      "text/plain": [
       "               condition       odometer            mmr   sellingprice\n",
       "make                                                                 \n",
       "Daewoo         18.000000   78270.666667     633.333333     400.000000\n",
       "Geo             5.894737  177356.736842     609.210526     528.947368\n",
       "Oldsmobile     16.282282  139822.480769    1095.054945     954.189560\n",
       "Isuzu          18.260638  140132.225490    1750.857843    1709.196078\n",
       "Pontiac        23.224499  117825.348987    3952.407160    3755.342673\n",
       "Mercury        24.277573  113475.936181    4103.313253    3935.567269\n",
       "Mitsubishi     28.606948   75600.746377    8317.608696    8201.565942\n",
       "Plymouth       27.687500   80449.800000   11170.000000    9592.500000\n",
       "Mazda          30.150740   65365.987681   10278.477039   10155.641234\n",
       "FIAT           25.362894   25357.864740   10535.838150   10367.487861\n",
       "Buick          27.772396   79002.161569   10909.433131   10721.764245\n",
       "Honda          29.298916   80331.697279   11001.945343   10940.432588\n",
       "Hyundai        32.139360   51174.776861   11232.340333   11010.631608\n",
       "Chrysler       25.545116   65528.274343   11415.909749   11167.249392\n",
       "Dodge          26.985290   72498.271884   11417.359483   11206.802592\n",
       "Nissan         31.997309   56219.019761   11867.478126   11739.015960\n",
       "Kia            33.665958   46014.077289   11946.834025   11808.672918\n",
       "Chevrolet      27.717955   76896.387817   12150.630430   11977.397528\n",
       "MINI           34.787650   48127.116625   12412.313896   12313.663151\n",
       "Acura          29.855151   85829.219285   14076.813252   14017.268260\n",
       "Ford           33.168485   63507.202269   14733.775240   14540.469648\n",
       "Jeep           29.653879   69804.496845   15118.042545   15000.244145\n",
       "Cadillac       29.461188   83391.753292   15339.745977   15221.155872\n",
       "HUMMER         32.351145  103136.089441   15016.863354   15269.488199\n",
       "Lincoln        32.779610   62516.315095   17041.818656   16824.676915\n",
       "GMC            31.340502   84536.825464   17055.745312   16951.410534\n",
       "Jaguar         29.704430   68766.014789   20135.757042   19782.518310\n",
       "Audi           31.551796   66039.752386   20080.213835   19915.432782\n",
       "Lexus          32.636395   69228.991906   20370.588483   20286.236827\n",
       "Infiniti       35.226299   45859.775600   20505.099641   20417.457694\n",
       "BMW            33.339915   64297.520660   21575.547806   21441.895748\n",
       "Mercedes-Benz  32.340660   62415.016746   21940.217899   21590.566828\n",
       "Land Rover     34.915105   58310.501441   33420.288184   33097.855908\n",
       "Lotus          27.000000   16932.000000   40300.000000   40800.000000\n",
       "Maserati       32.557252   29630.736842   46061.654135   45320.300752\n",
       "Fisker         35.111111   18165.666667   49100.000000   46461.111111\n",
       "Aston Martin   35.920000   26603.640000   53560.000000   54812.000000\n",
       "Bentley        34.252174   39239.698276   75928.448276   74367.672414\n",
       "Lamborghini    43.750000   16759.500000  111500.000000  112625.000000\n",
       "Ferrari        37.578947   15218.789474  129210.526316  127210.526316"
      ]
     },
     "execution_count": 138,
     "metadata": {},
     "output_type": "execute_result"
    }
   ],
   "source": [
    "car_value_no_null_df\n",
    "\n",
    "car_value_make_df = car_value_no_null_df.groupby(\"make\").mean(numeric_only=True)\n",
    "\n",
    "car_value_make_df.head(40).sort_values(by=\"sellingprice\",ascending=True)"
   ]
  },
  {
   "cell_type": "code",
   "execution_count": 169,
   "id": "3ae3f3b8-1f28-4fb8-8f50-2cbeeb728123",
   "metadata": {},
   "outputs": [
    {
     "data": {
      "text/plain": [
       "Text(0, 0.5, 'sellingprice')"
      ]
     },
     "execution_count": 169,
     "metadata": {},
     "output_type": "execute_result"
    },
    {
     "data": {
